001110011001111000001100 011110111110100111110010
010110011001101010000011 101000111001011110001010
010010010111111001100000 111000110011110000101011
111011010110111111011010 001100101110000001101001
000011010010001011100101 011001010011011010111001
100101111011100100000010 111111011111111100110011
001010011011001110111110 011001110000000010000011
110101101010000111000010 101010001010101011010001
001010101110010101000101 111001101011111011000000
100000001001000000111000 111111101101000101010111
111111111101010000001110 101001110011010110110101
010110101111101111110110 000110111100001001111101
000011000000110101001000 000010010011111011000100
001101101011001001110101 100111100011101100111010
011001011101100011001000 100100010011000001011111
010101010110101101000111 111101100100001101010000
001110101100011100111011 101111110000000011000100
111011111010010110010010 101010011001101010100111
101011101110010101110101 100001011111011111011100
111101100100110100010110 010000101000100001101110
011100000001111100000010 111101100100010100111001
111100001011100111100111 100010100100101011001111
000000010111111001011011 000001111011111111001001
100111000011110100010100 101100100100000110101010
110011010001001101001101 100001010000110000011110
001110111010010010101101 000011110001110010100000
111011101011011001000100 111000111101100101101010
110000110110010100110000 010101001000100000100010
110100111001001000110010 001110101100110110110010
100100101100111010000010 000111010010101110111100
110010101110011010100001 010011111001100010100001
010101000011110000001011 001110100111101010001010
001110010011010011001101 101001101110100101001001
010011111111100010001101 000100001110111111011110
100101011010001101010100 010001101000001010101011
110101000111010101000000 010010000010010101011110
010010100101101110111111 111000010100110000000101
011001110000110111001101 011100011011111110100010
110111001010111111001001 110000011000001110010110
100111010101111110010010 100110100111000110100001
111111011011111001111011 110010001000010000011101
001101000010010110011100 000111010010101010001110
110100111100001111111001 111110101000001100101001
101011010000010101000100 110110010011110110100001
001111111011101100100111 000011001111011100101011
011110011100110100010110 011101110101100100000000
011001100010100111001011 010100110101111000000011
100110010111010011001000 101000010101010100011111
110011001110111100001111 001110101111010011100010
000110101110010111001001 100101000111001101010111
110100100100101000001001 100110100110100001110011
110101110101000101101111 100110011001000110101101
010110101100000011101011 011100101100110000101011
011011100001100100001000 000010010001000110000011
100100100111111001000100 100000111000100101011110
101100110110100100111111 011010000110000100000000
101111100001001001111111 000110111010100011100111
110000100000010010110010 011101011011101001101000
011000111001110111110001 011100110110110100001101
011011011110011011000100 100011010001011110001000
111101001101001100000000 110011100010111011111010
100100101010111001000000 101100110110101011101001
110110011000011101100010 110111110100101011010011
010001101011111010010001 000011010101110001110111
100111110101000010011001 001110000011110100001000
100101101001111011011111 011101011010101100011001
111101101010010111011110 111101010110001001110101
000101011111110110111000 110010100100000001101001
100000000010000010110010 011100111010111000001101
100001011000011011100110 010101010101101110001100
000101110001010100011110 000011110010000011011110
111001111001100000111000 101111011010101111111000
111000100110011101010000 100000011011110101001001
011100000110000110100000 001100110010111001001111
110010000001111011111001 011011010101110010001110
001001100000000111001101 001010110010111101001001
100111101010110001000001 110000000110111100001110
010000101011100000111011 010111100100110000111101
011100100001011010000110 111100010001101011111000
110110000001000001011010 000001000110010101101011
001100100011101001111100 110101000011110100000010
010011011100100100111000 101000000110100001000100
011110111011100100110001 100010011110101101001010
010101100111101011011001 101001101000011110101011
110011000110100110010001 101110100000010001100100
111111001100101111111100 000110000011000001100111
001010001011011101010111 111000001010100010101111
001111001010010000100111 000000111010110100111100
101100111100010111000111 010010110101011101101010
011000000001111011101001 001011100000111011100110
111110010100010010111001 111011010010000110011111
111110001110100100000100 000100010111010001000101
101001001100100101100101 100101001100001010000110
110111000010111101110000 101000110001110001010111
011001101110000111010100 101001101011100110010101
101000011100011000110111 110111010101011111011110
111111000011100001110111 000011100101001011100111
100011110011100111101001 110100010001110101101011
111011101111111111100001 100001110110011101110110
101110000110100001101001 101100011100000011110101
