000110111110001110010111000101000101001101011000
001110010100001001101011110110011000111110011110
010000010011110001010101000101101011101000100000
001011110010111111111011110101011010000001101010
000001010011000110010011001100111000010101111101
100101101000100100010110011111001101100101100110
000100001100011101100110110010001111101000111010
100011010110100101011101111101001110001101100010
001001101010100111110010010100110010100111000000
011111111111100000111000111111101011101100001000
101001110001100100000000111010011101001111100110
000010011101110110110010010011110111001100011110
000000000110111101101011111110011001101100100000
001000011100111011001011101110110110010110000010
001110011100001100000111101110001111001000111000
010100100010101110001011111111110001101100110000
001010111101101011010010000001011000100100101100
100111101100010100010011010100001101011000111110
010110111000011010001011011110100001001110001100
010000000000001100100010011101001100111101110100
011010111101110000011101001111100111000101110010
100000100000101010001110111010010001011111001001
000000000000101110010010111011110001101001110011
011011001100101010001011001010101010001101001000
011010101001010010111011111100001101111100000110
000000111000010101010001011011001101100000100000
110101000111011001011001101000110001110000101000
010000001000010100011011011101001111000001100000
001100001001100100011110100000011011000011000100
000100001011101001111001001110010111110101111000
001111110001011000100100001110011010001101000001
000100110011110111101100100000111001101111101110
001001010100110001011110010011001010001101110101
000001010100101001110111001101010010110101000110
001010010011011100001001110111001100000100011100
001110111101111111111100111101010100110110000000
010000010111000010110111100011110111111010111011
001011011100101000111011111111111010111010111010
101001101101000111110101110010111101101011000110
010111101111000101010111111111001000110011010010
110001101011111111000011000011011111111111101111
000001011111000011101101110001000111010010001000
110011110011100111100000010111001100110111100001
100100101101001100011101101101011000001111000100
000000110011101001001110000110110001000010001101
001110001100100010101101100001101010011000000000
001000010100010100010001010111000000011101100001
011000001011010101111000001000111000110000111000
001011110011001000110010001010110101011100111110
000011111001100011110110100100010110001001001111
011111101101011001010101111101001110101000001011
100000010010101000110001111110001110011100000011
001010001011001001001001100111111010101101111001
000000111110011001101001010010000101011100011000
010010110100010100111000001010001100000011111000
010010010010011010111100011110001101111100000000
000101001000100101011011000010110000100010011001
010110010011100101101011100101010011110001010000
001011001110101001100010100100011010001000111101
001111001001001000110100000100100011010000100000
110001010010111010110111000000000000111000000000
011001101100110100011000011001110001100001000000
101111011011110010000010110010101110100111000110
000000111011000100111010101110111011000101100111
001000101111111110011100101001101111100111001000
010001010011101101000110101111110111100011000111
111011000110101110011001101011101100101001110110
000100010101111110111011101000110001000001111000
001110011110010111001100101100001010010100001010
001011001000010110001010010101111000011111001000
000000010101110100110011011010100001000000000100
101010111001011011110100011000001101111001000000
011100101011110101110110001001011000010111010000
000101100111011111000111000110001110000001100000
010101010111110110001010001001111010101000011110
000001100110100101010010100110100010011001110101
011101110100011000000110000111011001101010001110
000110001001001110000100010000010110101000001111
011010110111001100111000111101010110110111010000
000000111011010111011010001010100101011110011110
001010011010010001100111000001000000000011111000
001100001011110101110001011010000011001011100000
010000101010011111010001111111001000001100101010
001110000100000101111101010000100111110111110011
100101001000100000110100110110011000000010100100
000101111110001011101011100101010101001001100100
001000111011101101000000010001100110110001111001
000000001101111011110101100110011101010000100100
001101001110100001010011111100111000010101100110
000100010100101100100101111010101000001101010110
111001101110010101011011111100101000011111100111
000100001111100010000101111100001001111000010100
010111111100000110100101010000111111010011011110
100011000100101010010100010101000101111100010000
010000110000000100000100100010111010010001100100
100010111101111110100100001000011001010010110010
000011100001110011000100001011110001000101100001
011101001111111010111100101001011001100101100011
011111100110100110000110110001000111100010110110
100000000000101100101111011000111010110001111101
