0
-2
-2
-2
8
16
34
40
52
50
50
36
28
10
-10
-26
-46
-56
-66
-64
-64
-52
-40
-22
-4
14
34
40
52
50
50
36
28
10
-10
-26
-46
-56
-66
-64
-64
-52
-40
-22
-4
14
34
40
54
52
52
38
32
12
-8
-24
-44
-56
-66
-64
-64
-52
-40
-22
-4
14
34
40
54
52
52
38
30
10
-10
-26
-46
-56
-66
-64
-64
-52
-40
-22
-4
14
34
40
52
50
50
36
28
10
-8
-24
-42
-52
-62
-62
-64
-54
-44
-26
-8
12
30
38
50
48
48
36
28
10
-10
-26
-46
-56
-68
-66
-68
-56
-44
-24
-8
12
32
38
52
52
54
40
32
12
-6
-24
-42
-52
-62
-62
-64
-54
-42
-24
-6
14
34
40
52
50
50
36
30
12
-8
-24
-44
-56
-68
-66
-66
-54
-42
-22
-6
12
32
38
52
52
54
40
32
12
-8
-26
-44
-54
-64
-62
-62
-52
-40
-22
-4
14
32
38
50
48
50
38
32
14
-6
-24
-42
-54
-66
-64
-64
